19083
56940
78745
45664
19929
33473
6130
27662
77684
6480
15564
14376
82068
40569
52389
16922
80065
4499
83077
55221
40536
79192
85201
25788
5668
30581
47840
33411
32805
32802
70838
16185
64506
30284
29301
71067
60951
23685
47830
47554
57749
49140
41478
70910
64425
6233
5747
13101
32493
17457
46731
81223
30920
85510
18949
38588
20957
55050
44468
84191
58201
7238
37011
70826
5704
35575
33283
28924
55331
4269
69180
30187
44975
59594
59653
41362
57082
64004
20096
54279
388
42856
43894
47977
1551
35282
18795
48078
80949
25355
37368
31489
56782
67483
18413
33661
78108
82924
69012
61323
71748
44471
33284
74701
86114
83283
3833
20409
14763
59951
79873
6455
44395
78910
39908
41520
32369
85615
34563
63024
16904
64815
69520
79641
3813
84520
23130
75388
52397
270
5016
7441
51803
75564
15600
37289
31661
69694
29715
71655
83304
51880
46731
3560
30830
14287
60826
3508
81013
46481
50313
79088
52102
45125
15594
7289
10176
84645
38911
48301
49769
55301
50742
42941
39056
40027
51351
75681
75504
73381
13075
15445
45180
67082
42432
27964
76167
15925
48150
11186
4403
12390
74915
4313
73948
51053
59477
5667
26232
6835
71655
72200
23411
82331
33493
55653
382
64077
62236
79942
81349
72357
21008
59378
81259
58525
52757
63699
25850
36074
26060
37709
63153
54079
62119
4479
74753
74554
64674
85569
12418
31311
51778
38630
20798
10198
55224
20900
19175
21111
44006
19945
42558
49785
70811
35257
77782
58686
54017
73676
1872
12289
17906
41455
40582
18278
19188
37010
23965
63295
19906
68699
3428
43203
64122
74209
15324
40283
42644
2164
73234
47414
19254
61357
37720
8425
64266
61455
44096
47421
61394
18596
55143
75724
47775
74095
77873
44729
42433
61972
34011
50976
4772
14273
35865
84962
11907
38589
18239
60128
32011
79941
47765
10522
57682
3861
30996
57744
41105
54434
81206
39549
82487
46218
71160
39276
58586
75440
68932
9326
14024
34868
60588
41493
40684
15585
16091
32070
4921
10189
72049
65623
33021
85765
44263
3495
62346
46069
58786
80178
82054
55670
73670
12110
12716
61073
64028
14047
27257
42122
34879
28876
3753
51177
12139
16936
33053
31403
19710
78959
65111
75332
83209
2059
9464
19764
48174
29320
20633
54823
67390
23811
49292
67457
39225
11941
49444
2319
80500
51212
29646
28252
66525
31891
50649
8775
61520
4161
65357
4814
38683
34591
73803
36644
68173
65831
74834
51044
52878
39641
26207
57379
51337
13135
71588
33767
20557
55856
20432
6227
19523
15337
23176
74152
3838
41227
6143
72258
77491
40618
72674
23549
17326
62324
32640
16627
40629
7588
6910
32944
75995
57622
6500
34128
37285
15178
40651
32345
85832
47371
86387
5756
4720
51728
74413
3222
28087
16866
69853
27413
22705
22300
79777
72832
56430
1994
17872
44613
5145
54930
9362
9524
79717
52400
84140
11570
45189
12179
84175
5609
38445
50825
30172
56250
22918
8225
17918
59798
61584
2332
8068
81762
13484
36477
81955
35605
73415
15399
27367
21084
76056
68881
74632
60434
9288
51241
12047
35410
49866
14287
8986
48002
30548
2715
77075
62288
53017
37505
20445
73246
11276
46189
926
46436
2911
5085
26371
34253
28981
84930
61698
12892
40129
57302
47404
73057
28475
17937
8213
16192
23380
55632
18517
51325
37362
34837
877
13645
30514
12694
27036
46387
50582
62908
32294
58484
75791
40736
71725
78816
57349
13973
8247
6775
6018
28298
58443
81643
19837
61446
6110
72000
33863
44648
76738
65981
18506
16096
5601
85712
84488
13592
71747
79082
45283
58448
41602
57422
51565
63094
58610
15852
24598
55991
62063
14444
26001
23614
29206
27866
39517
11244
12149
22588
45993
16642
32674
30092
13792
14681
19772
68767
20050
52060
68465
59447
3159
69353
48285
15113
16527
66849
36105
27492
28124
28658
84277
24320
33269
80294
78318
51452
82522
43058
16985
69119
26566
79931
22145
76549
3479
13135
71334
1264
33082
15178
31571
73462
81290
8145
10134
47158
62850
35426
68162
81236
7255
78520
75727
5539
14662
28219
5725
43060
84827
58275
74076
23352
23721
17811
69116
13002
65239
164
30310
83326
6583
73653
69015
76085
35096
41272
19268
79831
75445
19939
7790
75924
64421
36037
6891
19356
43923
33801
56971
72013
20274
23603
2130
6085
8741
78630
48919
3146
18679
56039
35664
45477
34089
61476
47071
22062
7083
11085
10001
39107
39935
59627
28884
27644
69170
76796
59742
16877
19860
22583
28614
48659
8666
45660
11726
32112
83944
17185
70677
71226
76154
62509
80610
22251
68595
33252
81306
40985
80942
51514
66955
83554
42034
18004
56821
80882
75087
64719
72577
13469
86129
73185
30420
19460
9294
61182
59970
74689
85982
2502
11087
1657
54902
59545
61512
733
84165
42918
4990
29787
3419
15566
80714
10513
64181
4300
64690
77399
85324
51513
53464
86161
25531
4543
12649
4853
26432
23611
5960
75210
48311
10551
50536
22440
52997
80033
80367
45862
47396
9019
79328
13875
68629
79414
10959
77164
18281
37405
71416
58311
80515
8079
57276
72963
66256
24190
66217
81200
70010
80040
51176
70910
24201
62491
27932
26986
4871
24083
56865
2145
80556
18190
9860
79231
50986
54533
21413
62153
85108
44367
65235
63207
54528
17830
16588
6381
73704
60836
70745
79177
60236
48665
5454
22893
49232
59020
8689
80747
80458
84945
80010
82951
62215
8166
68573
61251
2630
28741
30216
84207
72265
63805
18009
17835
3872
52076
31875
33920
72724
36714
43602
34324
29732
18972
21860
21797
43254
49240
61748
6701
53976
56004
66701
30123
57204
11729
47040
32331
39508
65902
54959
76254
39382
64752
515
1838
69865
32775
83777
36602
61355
8215
61485
55681
32538
38979
78356
42685
63032
63409
74919
34439
73232
69878
14727
53348
30101
30907
4084
77957
44547
46665
36836
42425
62156
79301
2763
68497
51548
54849
78897
16501
9060
49157
9917
22376
82302
56395
24572
29965
81310
73147
8033
73429
42985
25794
38781
85376
68329
22233
42447
20805
37210
18881
44369
46714
590
79457
64934
8586
9776
57565
37573
77817
72869
59989
7539
50853
41390
48476
68100
56517
29484
33815
53971
76695
14016
13864
63452
2345
48273
17064
11832
32330
75491
19295
34314
66161
47072
49421
33567
77349
38311
1791
29917
53365
11413
67928
27963
36822
54751
8210
75570
77886
